"Id","LinkedEntityId","ContentDocumentId","IsDeleted","SystemModstamp","ShareType","Visibility"
"06Af4000004IyQFEA0","005f4000002PEo1AAG","069f4000002UbEIAA0","0","2018-05-20 01:16:58","I","AllUsers"
"06Af4000004IyQGEA0","00Df4000003mipfEAA","069f4000002UbEIAA0","0","2018-05-20 01:16:58","V","AllUsers"
"06Af4000004IyQHEA0","005f4000002PEo1AAG","069f4000002UbEJAA0","0","2018-05-20 01:16:58","I","AllUsers"
"06Af4000004IyQIEA0","00Df4000003mipfEAA","069f4000002UbEJAA0","0","2018-05-20 01:16:58","V","AllUsers"
"06Af4000004IyQJEA0","005f4000002PEo1AAG","069f4000002UbEHAA0","0","2018-05-20 01:16:58","I","AllUsers"
"06Af4000006PpY7EAK","005f4000003LLH5AAO","069f4000004T9BMAA0","0","2018-10-16 18:38:32","I","AllUsers"
"06Af4000006PpY8EAK","003f400000cZo0jAAC","069f4000004T9BMAA0","0","2018-10-16 18:38:32","V","AllUsers"
"06Af400000CxZXeEAN","005f40000042AhBAAU","069f4000008hQVKAA2","0","2019-04-23 23:15:26","I","AllUsers"
"06Af400000CxZXfEAN","001f400000wqOd7AAE","069f4000008hQVKAA2","0","2019-04-23 23:15:27","V","AllUsers"
"06Af400000CxZZuEAN","005f40000042AhBAAU","069f4000008hQXQAA2","0","2019-04-23 23:24:27","I","AllUsers"
"06Af400000CxZZzEAN","001f400000wqOd8AAE","069f4000008hQXQAA2","0","2019-04-23 23:24:27","V","AllUsers"
"06Af400000CxZaJEAV","005f40000042AhBAAU","069f4000008hQXkAAM","0","2019-04-23 23:25:50","I","AllUsers"
"06Af400000CxZaKEAV","005f40000042AhBAAU","069f4000008hQXlAAM","0","2019-04-23 23:27:36","I","AllUsers"
"06Af400000CxZaLEAV","001f400000wqOcpAAE","069f4000008hQXlAAM","0","2019-04-23 23:27:36","V","AllUsers"
"06Af400000CxZaMEAV","005f40000042AhBAAU","069f4000008hQXmAAM","0","2019-04-23 23:28:22","I","AllUsers"
"06Af400000CxZaNEAV","001f400000wqOcpAAE","069f4000008hQXmAAM","0","2019-04-23 23:28:22","V","AllUsers"
"06Af400000CxZaOEAV","001f400000wqOdAAAU","069f4000008hQXkAAM","0","2019-04-23 23:25:50","V","AllUsers"
"06Af400000CxZanEAF","005f40000042AhBAAU","069f4000008hQY9AAM","0","2019-04-23 23:26:54","I","AllUsers"
"06Af400000CxZaoEAF","001f400000wqOdBAAU","069f4000008hQY9AAM","0","2019-04-23 23:26:55","V","AllUsers"
"06Af400000CxZdSEAV","005f40000042AhBAAU","069f4000008hQaeAAE","0","2019-04-23 23:36:01","I","AllUsers"
"06Af400000CxZdXEAV","001f400000wsITzAAM","069f4000008hQaeAAE","0","2019-04-23 23:36:02","V","AllUsers"
"06Af400000CxZdYEAV","005f40000042AhBAAU","069f4000008hQc1AAE","0","2019-04-23 23:41:28","I","AllUsers"
"06Af400000CxZdZEAV","001f400000wqOcQAAU","069f4000008hQc1AAE","0","2019-04-23 23:41:29","V","AllUsers"
"06Af400000CxZdwEAF","005f40000042AhBAAU","069f4000008hQb3AAE","0","2019-04-23 23:39:26","I","AllUsers"
"06Af400000CxZdxEAF","001f400000wqOcSAAU","069f4000008hQb3AAE","0","2019-04-23 23:39:27","V","AllUsers"
"06Af400000CxZeQEAV","005f40000042AhBAAU","069f4000008hQbXAAU","0","2019-04-23 23:40:27","I","AllUsers"
"06Af400000CxZeREAV","001f400000wqOcRAAU","069f4000008hQbXAAU","0","2019-04-23 23:40:28","V","AllUsers"
"06Af400000CxZfsEAF","005f40000042AhBAAU","069f4000008hQckAAE","0","2019-04-23 23:45:43","I","AllUsers"
"06Af400000CxZftEAF","001f400000wqO7OAAU","069f4000008hQckAAE","0","2019-04-23 23:45:44","V","AllUsers"
"06Af400000CxZglEAF","005f40000042AhBAAU","069f4000008hQdYAAU","0","2019-04-23 23:49:40","I","AllUsers"
"06Af400000CxZgqEAF","001f400000wsIUYAA2","069f4000008hQdYAAU","0","2019-04-23 23:49:41","V","AllUsers"
"06Af400000CxqUyEAJ","005f40000042AhBAAU","069f4000008hfW4AAI","0","2019-04-25 02:58:14","I","AllUsers"
"06Af400000CxqV3EAJ","001f400000wqOcVAAU","069f4000008hfW4AAI","0","2019-04-25 02:58:14","V","AllUsers"
"06Af400000CyAstEAF","005f40000042AhBAAU","069f4000008hxckAAA","0","2019-04-26 15:52:09","I","AllUsers"
"06Af400000CyBE9EAN","005f40000042AhBAAU","069f4000008hxvMAAQ","0","2019-04-26 15:45:17","I","AllUsers"
"06Af400000CyBEEEA3","001f400000wsTj1AAE","069f4000008hxvMAAQ","0","2019-04-26 15:45:17","V","AllUsers"
"06Af400000CyBNzEAN","001f400000wsTjuAAE","069f4000008hxckAAA","0","2019-04-26 15:52:10","V","AllUsers"
"06Af400000CyKWFEA3","005f4000003qsOhAAI","069f4000008i6XEAAY","0","2019-04-28 03:41:00","I","AllUsers"
"06Af400000Cyc1TEAR","02sf400000ADEjsAAH","069f4000008i6XEAAY","0","2019-04-30 08:33:13","V","AllUsers"
"06Af400000CzNowEAF","005f40000042AhBAAU","069f4000008j0gVAAQ","0","2019-05-02 20:19:10","I","AllUsers"
"06Af400000CzNrPEAV","001f400000yWfi6AAC","069f4000008j0gVAAQ","0","2019-05-02 20:19:11","V","AllUsers"
"06Af400000CzO6DEAV","005f40000042AhBAAU","069f4000008j0vYAAQ","0","2019-05-02 20:28:26","I","AllUsers"
"06Af400000CzO6SEAV","001f400000yWhs3AAC","069f4000008j0vYAAQ","0","2019-05-02 20:28:27","V","AllUsers"
"06Af400000CzOGSEA3","005f40000042AhBAAU","069f4000008j146AAA","0","2019-05-02 20:36:10","I","AllUsers"
"06Af400000CzOGXEA3","001f400000yWi23AAC","069f4000008j146AAA","0","2019-05-02 20:36:11","V","AllUsers"
"06Af400000CzOkkEAF","001f400000yWj8zAAC","069f4000008j1VqAAI","0","2019-05-02 21:01:33","V","AllUsers"
"06Af400000CzOmnEAF","005f40000042AhBAAU","069f4000008j1VqAAI","0","2019-05-02 21:01:32","I","AllUsers"
"06Af400000CzOrOEAV","005f40000042AhBAAU","069f4000008j1ZiAAI","0","2019-05-02 21:05:09","I","AllUsers"
"06Af400000CzOrYEAV","001f400000yWlPMAA0","069f4000008j1ZiAAI","0","2019-05-02 21:05:10","V","AllUsers"
"06Af400000DKymsEAD","005f4000003qsOhAAI","069f40000094WohAAE","0","2019-05-07 04:09:17","I","AllUsers"
"06Af400000DKymtEAD","001f400000wqOcVAAU","069f40000094WohAAE","0","2019-05-07 04:09:17","V","AllUsers"
"06Af400000DLA52EAH","005f40000042AhBAAU","069f40000094gm7AAA","0","2019-05-07 18:36:33","I","AllUsers"
"06Af400000DLA57EAH","001f400000wsbtcAAA","069f40000094gm7AAA","0","2019-05-07 18:36:33","V","AllUsers"
"06Af400000DLG9PEAX","005f4000003qsOhAAI","069f40000094lviAAA","0","2019-05-08 05:07:53","I","AllUsers"
"06Af400000DLG9UEAX","003f400000yrKfGAAU","069f40000094lviAAA","0","2019-05-08 05:07:53","V","AllUsers"
"06Af400000DLWh9EAH","005f400000424IOAAY","069f400000950UDAAY","0","2019-05-08 23:23:20","I","AllUsers"
"06Af400000DLWhEEAX","001f400000yX9kSAAS","069f400000950UDAAY","0","2019-05-08 23:23:20","V","AllUsers"
"06Af400000DLX0mEAH","005f4000003qsOhAAI","069f400000950lJAAQ","0","2019-05-09 00:57:52","I","AllUsers"
"06Af400000DLX0rEAH","001f400000yWhs3AAC","069f400000950lJAAQ","0","2019-05-09 00:57:52","V","AllUsers"
"06Af400000DLX7TEAX","005f4000003qsOhAAI","069f400000950rRAAQ","0","2019-05-09 02:04:33","I","AllUsers"
"06Af400000DLX7UEAX","001f400000wsbtcAAA","069f400000950rRAAQ","0","2019-05-09 02:04:33","V","AllUsers"
"06Af400000DLYmnEAH","005f4000003qsOhAAI","069f400000952LwAAI","0","2019-05-09 12:37:38","I","AllUsers"
"06Af400000DLYmoEAH","001f400000wqOcRAAU","069f400000952LwAAI","0","2019-05-09 12:37:39","V","AllUsers"
"06Af400000DLgZDEA1","005f40000042AhBAAU","069f4000009599EAAQ","0","2019-05-09 17:14:53","I","AllUsers"
"06Af400000DLgZEEA1","001f400000wqOcwAAE","069f4000009599EAAQ","0","2019-05-09 17:14:55","V","AllUsers"
"06Af400000DLgkDEAT","005f40000042AhBAAU","069f400000959MDAAY","0","2019-05-09 17:24:20","I","AllUsers"
"06Af400000DLgmCEAT","005f40000042AhBAAU","069f400000959KgAAI","0","2019-05-09 17:23:40","I","AllUsers"
"06Af400000DLgmDEAT","001f400000zABPxAAO","069f400000959KgAAI","0","2019-05-09 17:23:41","V","AllUsers"
"06Af400000DLgntEAD","001f400000wqOceAAE","069f400000959MDAAY","0","2019-05-09 17:24:20","V","AllUsers"
"06Af400000DM2ELEA1","005f4000003qsOhAAI","069f40000095SCCAA2","0","2019-05-10 20:40:36","I","AllUsers"
"06Af400000DM2EQEA1","001f400000wqOd3AAE","069f40000095SCCAA2","0","2019-05-10 20:40:36","V","AllUsers"
"06Af400000DM2MtEAL","005f4000003qsOhAAI","069f40000095SJwAAM","0","2019-05-10 20:48:30","I","AllUsers"
"06Af400000DM2MuEAL","003f400000xjmVtAAI","069f40000095SJwAAM","0","2019-05-10 20:48:30","V","AllUsers"
"06Af400000DM2PEEA1","005f4000003qsOhAAI","069f40000095SLxAAM","0","2019-05-10 20:50:45","I","AllUsers"
"06Af400000DM2PJEA1","001f400000yWi23AAC","069f40000095SLxAAM","0","2019-05-10 20:50:46","V","AllUsers"
"06Af400000DM2S3EAL","005f4000003qsOhAAI","069f40000095SOIAA2","0","2019-05-10 20:54:04","I","AllUsers"
"06Af400000DM2S4EAL","001f400000yWfi6AAC","069f40000095SOIAA2","0","2019-05-10 20:54:04","V","AllUsers"
"06Af400000DM2UYEA1","005f4000003qsOhAAI","069f40000095SQdAAM","0","2019-05-10 20:56:41","I","AllUsers"
"06Af400000DM2UdEAL","001f400000wqOd6AAE","069f40000095SQdAAM","0","2019-05-10 20:56:41","V","AllUsers"
"06Af400000DMbfPEAT","005f40000042AhBAAU","069f40000095xoxAAA","0","2019-05-14 19:10:10","I","AllUsers"
"06Af400000DMbjeEAD","001f400000wqOciAAE","069f40000095xoxAAA","0","2019-05-14 19:10:11","V","AllUsers"
"06Af400000DMbjfEAD","005f40000042AhBAAU","069f40000095xupAAA","0","2019-05-14 19:11:07","I","AllUsers"
"06Af400000DMblzEAD","001f400000wqOciAAE","069f40000095xupAAA","0","2019-05-14 19:11:07","V","AllUsers"
"06Af400000DMc4wEAD","005f40000042AhBAAU","069f40000095yC0AAI","0","2019-05-14 19:18:22","I","AllUsers"
"06Af400000DMc5BEAT","001f400000wqOcVAAU","069f40000095yC0AAI","0","2019-05-14 19:18:23","V","AllUsers"
"06Af400000DMcp4EAD","005f40000042AhBAAU","069f40000095yrNAAQ","0","2019-05-14 19:42:14","I","AllUsers"
"06Af400000DMcp9EAD","001f400000wqOcSAAU","069f40000095yrNAAQ","0","2019-05-14 19:42:14","V","AllUsers"
"06Af400000DMdrLEAT","005f40000042AhBAAU","069f40000095znCAAQ","0","2019-05-14 20:14:56","I","AllUsers"
"06Af400000DMdrQEAT","001f400000zABRbAAO","069f40000095znCAAQ","0","2019-05-14 20:14:57","V","AllUsers"
"06Af400000DMgdvEAD","005f4000003qsOhAAI","069f400000962F8AAI","0","2019-05-15 00:04:21","I","AllUsers"
"06Af400000DMge0EAD","001f400000wqOcSAAU","069f400000962F8AAI","0","2019-05-15 00:04:21","V","AllUsers"
"06Af400000DMgk8EAD","005f4000003qsOhAAI","069f400000962KmAAI","0","2019-05-15 00:36:52","I","AllUsers"
"06Af400000DMgkDEAT","001f400000wqOdAAAU","069f400000962KmAAI","0","2019-05-15 00:36:52","V","AllUsers"
"06Af400000DMgnMEAT","005f4000003qsOhAAI","069f400000962NgAAI","0","2019-05-15 00:55:55","I","AllUsers"
"06Af400000DMgnNEAT","001f400000yWi23AAC","069f400000962NgAAI","0","2019-05-15 00:55:55","V","AllUsers"
"06Af400000DMsthEAD","001f400000wsTj1AAE","069f40000096DI8AAM","0","2019-05-15 18:19:40","V","AllUsers"
"06Af400000DMt3sEAD","005f40000042AhBAAU","069f40000096DI8AAM","0","2019-05-15 18:19:40","I","AllUsers"
"06Af400000DMtjyEAD","005f40000042AhBAAU","069f40000096DuCAAU","0","2019-05-15 18:41:50","I","AllUsers"
"06Af400000DMtk3EAD","001f400000zb2QDAAY","069f40000096DuCAAU","0","2019-05-15 18:41:51","V","AllUsers"
"06Af400000DNRuEEAX","005f4000003qsOhAAI","069f40000096iE2AAI","0","2019-05-18 01:35:14","I","AllUsers"
"06Af400000DNRuJEAX","001f400000wqOcRAAU","069f40000096iE2AAI","0","2019-05-18 01:35:14","V","AllUsers"
"06Af400000DNSkHEAX","005f4000003qsOhAAI","069f40000096iwJAAQ","0","2019-05-18 14:58:12","I","AllUsers"
"06Af400000DNSkMEAX","001f400000wqOd6AAE","069f40000096iwJAAQ","0","2019-05-18 14:58:12","V","AllUsers"
"06Af400000DNU48EAH","005f4000003qsOhAAI","069f40000096k8zAAA","0","2019-05-19 17:54:45","I","AllUsers"
"06Af400000DNU49EAH","001f400000wsbtcAAA","069f40000096k8zAAA","0","2019-05-19 17:54:46","V","AllUsers"
"06Af400000DNU4IEAX","005f4000003qsOhAAI","069f40000096k99AAA","0","2019-05-19 17:56:43","I","AllUsers"
"06Af400000DNU4JEAX","001f400000yWi23AAC","069f40000096k99AAA","0","2019-05-19 17:56:43","V","AllUsers"
"06Af400000DNcLyEAL","005f4000003qsOhAAI","069f40000096rVWAAY","0","2019-05-20 16:03:43","I","AllUsers"
"06Af400000DNcM3EAL","001f400000zb35cAAA","069f40000096rVWAAY","0","2019-05-20 16:03:44","V","AllUsers"
"06Af400000DOczMEAT","005f4000003qsOhAAI","069f40000097hLJAAY","0","2019-05-23 05:07:44","I","AllUsers"
"06Af400000DOczqEAD","02sf400000BkE7gAAF","069f40000097hLJAAY","0","2019-05-23 05:19:53","V","AllUsers"
"06Af400000DOiw8EAD","005f40000042AhBAAU","069f40000097mYSAAY","0","2019-05-23 14:45:22","I","AllUsers"
"06Af400000DOiw9EAD","001f400000wqOcyAAE","069f40000097mYSAAY","0","2019-05-23 14:45:22","V","AllUsers"
"06Af400000DOiyJEAT","005f40000042AhBAAU","069f40000097maYAAQ","0","2019-05-23 14:46:25","I","AllUsers"
"06Af400000DOiyOEAT","001f400000wqOcSAAU","069f40000097maYAAQ","0","2019-05-23 14:46:26","V","AllUsers"
"06Af400000Dq8WuEAJ","005f4000003qsOhAAI","069f4000009URTaAAO","0","2019-05-31 17:51:42","I","AllUsers"
"06Af400000Dq8WzEAJ","001f400000wqOcRAAU","069f4000009URTaAAO","0","2019-05-31 17:51:42","V","AllUsers"
"06Af400000DqKR6EAN","005f4000003qsOhAAI","069f4000009UaJKAA0","0","2019-06-02 14:40:48","I","AllUsers"
"06Af400000DqKRGEA3","02sf400000Bl5HKAAZ","069f4000009UaJKAA0","0","2019-06-02 14:41:31","V","AllUsers"
"06Af400000DqKRHEA3","02sf400000Bl5HLAAZ","069f4000009UaJeAAK","0","2019-06-02 14:47:30","V","AllUsers"
"06Af400000DqKRLEA3","005f4000003qsOhAAI","069f4000009UaJUAA0","0","2019-06-02 14:44:12","I","AllUsers"
"06Af400000DqKRQEA3","02sf400000Bl5HeAAJ","069f4000009UaJUAA0","0","2019-06-02 14:45:11","V","AllUsers"
"06Af400000DqKRaEAN","005f4000003qsOhAAI","069f4000009UaJeAAK","0","2019-06-02 14:46:55","I","AllUsers"
"06Af400000DqKRkEAN","005f4000003qsOhAAI","069f4000009UaJoAAK","0","2019-06-02 14:49:30","I","AllUsers"
"06Af400000DqKRuEAN","02sf400000Bl5I8AAJ","069f4000009UaJoAAK","0","2019-06-02 14:49:43","V","AllUsers"
"06Af400000DqKS4EAN","005f4000003qsOhAAI","069f4000009UaK3AAK","0","2019-06-02 14:52:05","I","AllUsers"
"06Af400000DqKS9EAN","02sf400000Bl5IcAAJ","069f4000009UaK3AAK","0","2019-06-02 14:52:37","V","AllUsers"
"06Af400000GX2eVEAT","005f4000003qsOhAAI","069f400000BCJQuAAP","0","2019-08-13 04:26:55","I","AllUsers"
"06Af400000GX2eaEAD","001f400000wsbtcAAA","069f400000BCJQuAAP","0","2019-08-13 04:26:56","V","AllUsers"
"06Af400000GXWttEAH","001f400000yWi23AAC","069f400000BCfl6AAD","0","2019-08-13 21:14:00","V","AllUsers"
"06Af400000GXWyuEAH","005f4000003qsOhAAI","069f400000BCfghAAD","0","2019-08-13 21:11:13","I","AllUsers"
"06Af400000GXWyvEAH","001f400000wqOd3AAE","069f400000BCfghAAD","0","2019-08-13 21:11:13","V","AllUsers"
"06Af400000GXX4wEAH","005f4000003qsOhAAI","069f400000BCfl6AAD","0","2019-08-13 21:14:00","I","AllUsers"
"06Af400000I9FXREA3","005f4000003qsOhAAI","069f400000BsdjhAAB","0","2019-10-07 20:06:40","I","AllUsers"
"06Af400000I9FXSEA3","001f400000yWfi6AAC","069f400000BsdjhAAB","0","2019-10-07 20:06:41","V","AllUsers"
